5
30
155
780
3125
15625
78130
390655
1953280
9766405
48831250
244156250
220781248
103906238
519531195
597655966
988279041
941395177
706975862
534879294
674396461
371982289
871632409
358158897
790793703
953968494
769842447
849212219
246061072
220538953
102694763
513473820
567369091
836845446
184226427
921132135
605660652
28303244
139562945
697814730
489073634
445368161
226840796
134203198
671015990
355079934
775399668
875045044
375225197
876125983
380629737
903148678
515743362
578716801
893583996
467919957
339599776
697995753
489977969
449874206
249371021
246855073
234275363
171376813
856884070
284420327
422098508
110491751
552458755
762293766
811468814
57344047
286720240
433600418
168002076
840010385
200051902
259508
1297545
18208696
91042705
455213525
276067616
380338078
899737108
498685517
493427576
467137871
335689346
678445948
392229719
961148593
805742942
28714687
143573440
717866425
589332104
946660511
733302532
666512644
