5
30
155
625
3130
15655
78280
391250
1956255
9781280
48906405
244140780
220703743
103518713
517593570
587967841
939839041
699195182
495975894
479879461
399006046
995030073
975150342
875751687
378758412
953953024
769764942
848824694
244123447
220617233
103086008
513473790
567368941
836844696
184223457
921117135
605582522
27912594
139562975
697814880
489074229
445371136
226855671
134200073
671000370
355001834
775009168
875045669
375228322
876141608
380629737
903148683
515743392
578716951
893584591
467922932
339614651
698073253
490366094
451830461
259152296
295761478
234666608
173333038
866665195
333325952
666238508
110488626
552443130
762215641
811078189
55390922
276954460
384772298
923861488
619307417
96536914
482684575
413422866
67114321
91430830
457154155
285770766
428853828
143877881
719389255
596946259
984731286
923656407
618281857
91409269
457046350
285231741
27152657
135763290
678816455
345175854
725879268
629396324
146981604
