5
30
155
780
3905
19530
97655
488280
2441405
12207030
61035155
244140625
220703123
103515613
517578070
587890341
939451696
697258457
486292269
431461336
157306671
786533360
932666784
419193272
34931196
174655985
873279930
366399627
831998133
159990642
799953215
999766059
998830272
994151337
970756662
853783287
24775787
88947744
139562945
697814730
489073634
445368161
226840016
134200078
671000395
355001959
775009793
875048949
375244722
876223608
381118017
905590083
527950392
639751951
954619121
467919802
339599001
697995003
489974999
449874986
249374921
246874603
234373013
171865063
859325320
296626577
483132883
354629251
773146253
865731249
328656222
643281108
216405524
82027618
923845833
619229142
96145694
480728475
403642366
18211821
91059110
455295555
276477766
382388828
899737108
498685517
493427576
467137871
335689346
678442823
392214099
961070493
805352442
26762187
133810940
669054705
345273509
726367543
631837699
146981449
734907250
674536234
372681154
863405768
317024912
585124558
925622781
628113882
140569394
702843070
514215334
571076661
855383296
276915677
384578383
922891913
614459387
72296914
361484575
807422873
37114342
185571715
927858580
639292877
196464369
982321850
911609227
558046112
790230551
707012114
474025399
370126986
850634928
253174617
265873083
329365413
646827063
234135299
170676493
853382470
266912327
334561633
253614891
268074453
236856650
184283248
921416245
607081202
35405994
177029975
885149880
425749377
128746876
643734385
218671909
93359543
222657095
869144855
101583627
202742360
13711798
68558995
342794980
713974898
569870569
849352836
246764157
233820783
169103913
845519570
227597827
137989133
689945670
449728334
248641661
243208303
155006358
775031795
875158959
375794772
878973858
394869267
974346333
871731642
358658187
793290933
966454649
832273222
742172822
710864094
554320454
771602261
858011289
290056422
450282108
251410531
257052653
285263263
426316313
198914779
