10
110
1110
11110
100000
1000000
10000010
100000110
1103
11040
99300
993000
9930010
99300110
993001110
930011047
300099307
993049
9930500
99305010
993050110
490000
4900010
49000110
490001110
900011082
10767
7680
999976817
999668117
996581117
965711117
657100007
571000028
710000255
100002511
25113
251140
2412110
24021110
240111110
401011096
10010942
100009430
83193
831930
8319310
83193110
831931110
319311054
193099419
930994183
309941777
99417759
994177600
941775947
417748307
177483042
774830423
748304191
483041871
900407652
4076467
40764680
407646810
76468082
764580830
645700581
457005778
570057762
700577595
5775911
57748010
577480100
764800965
648009611
480096078
800960762
9607574
95975750
959657510
596463937
964639345
646393397
463933938
639339362
393282478
932824769
328247637
282476359
824763586
247624704
476247026
762470242
624702381
247023778
470237776
702366632
23666271
236662720
366627196
666271949
662719458
627183438
271834338
718343376
183433721
834337213
342882084
428809719
288097162
880971616
809716114
97161094
971120950
711198337
111983321
119833213
198332133
990271230
902712247
27122417
271224180
712241796
122406811
224068103
240681026
406810256
68102542
681025430
810243158
102431524
24315243
243152440
431524396
315243942
852340109
523389934
233899305
338993046
389930449
899304479
993033704
930336987
303369707
33697059
336970600
369705989
697059879
970587648
705876417
58764131
587641320
876413175
764131704
641305891
413058868
130588662
305886623
58866219
588662200
886610865
866108594
661085894
610858908
108589048
85400483
853993730
539937244
399372415
993724139
937241337
371923317
719222049
192220441
922204413
222044077
227390663
273906626
739066256
390662521
906625199
66240827
662408270
624082668
240826648
408265373
82653712
826537130
265371254
653712536
537025328
370153255
701432539
14225351
142142410
421424093
214240902
142409016
424090163
