8
72
584
4680
37448
262144
2097160
16777288
134218312
73746497
589971984
719738404
757907205
63257606
506060856
48486828
387894632
103119595
824956768
536396504
291172012
329376090
635008714
80069685
640557488
124160285
993282288
946258263
570065479
560523812
484190476
873523795
988190326
905522567
243918351
951084665
608639831
869118628
952948990
623591879
988735012
909880055
559302002
474153852
792968659
343711790
749694314
997554485
980435839
843486671
747893334
983109197
864873535
918988246
845845078
766760590
134084686
72677489
581419920
651359340
210612549
684862945
478903533
831228251
649825974
198607765
998890144
991121111
928968847
431750735
454005867
632046923
56113213
448643568
588886387
710828932
686369285
490692109
925237267
401898095
215184747
721477977
771823789
174590278
396460081
171418491
371085785
968648826
749190567
993524509
948196031
585568207
684545636
476327613
810620891
484967094
879736739
37893871
303150976
425170354
401362819
611248436
889987460
119899639
959197120
673576919
388615325
108922587
871343256
970746014
765968071
127744534
21956273
175650192
405164089
241312699
930501593
444012703
503614783
28918244
231345960
850767681
806141414
449131278
593012763
742004924
936039357
488314815
906518507
252148015
17184114
137472920
99745913
797967312
383738462
69907683
485514975
884119787
72958255
583666048
669328364
354626885
836752930
693761262
549827925
398361236
186627731
492759705
941815483
534261679
273831268
190387994
522804361
182434860
459478881
675830963
406647677
253181403
25451218
203609752
628840569
30724525
245796208
966369665
730957279
847658205
781003462
247765518
981824553
854596383
836771030
694168206
553345621
426764948
414082123
312656971
501255762
10046076
80368616
642948936
423853064
390562355
124236683
993631328
948788439
590045327
720100452
760766141
86129094
689032760
512262053
98096404
784771240
558431489
467189748
737255827
897784445
182013375
455844857
646721395
173771133
390169065
121352507
970820064
766560471
412707889
301663099
413304786
306438275
451506194
612049539
896358844
170870711
350188401
801507202
412057582
296460643
371685138
973481098
787811295
300393166
403145322
225162563
801300505
410404006
283232035
265556682
124453442
995627544
965020311
720162447
761299549
90396358
723133424
785067365
280538886
244311082
954488657
635909215
87236245
697889968
583119717
158896860
271174873
169398978
355191825
841534594
732272038
858176277
865410182
923280838
386246663
89973291
719786336
758290661
66325254
530564592
244516716
956133729
649069791
192558301
540466409
323693804
589550426
716403388
731227077
849816589
798532678
388223942
105791523
783074586
264596654
116773226
934185816
393416802
147334403
178675225
429401801
435214395
481715147
853683715
829469686
635757454
86059605
688476848
507814757
62480588
499844712
935500077
484000575
872004587
976036662
808293255
466346006
730730587
845844669
766757318
134058510
72468081
579744656
