7
56
399
2401
16814
117649
823543
5764808
40353663
282475648
977329137
841303924
889127384
223891646
567241522
970690640
512358797
586511565
105580934
739066545
173463386
214243303
499703121
497921777
485452418
398166912
787168377
510178611
593921133
157445509
102118164
714827155
3672352
25706471
179945248
259616736
817317152
721220036
48537424
339761975
378333762
648336327
538354268
768479862
379358607
655510242
588571617
120001291
840009044
880063280
160442925
123100076
861700539
31903682
223325774
563280418
942962912
88381552
641341741
489391767
425742355
980196422
861374912
29624349
207370450
451593150
161151637
128061459
7302780
51119467
357836276
504853925
533977062
737839420
164875856
154130985
78916895
552418272
866927890
91166065
638160061
467120007
269840035
888880189
222161281
555128967
885902755
201319250
409234351
864640450
52483059
367381413
571669884
1689167
499465386
496257289
473801009
316606993
216248937
513742559
596197899
890909631
236367382
654571674
582001697
74009457
518065807
626460635
385224368
696570562
875993913
131957356
923701499
894660202
262621379
838349653
868447543
79130365
553912163
877385127
141578149
991047050
937329315
561305170
929135777
503950404
527652758
693569285
854984974
984894790
894263495
259844031
818908217
732357435
126502010
885514077
198598504
107713880
167485602
172399214
206794498
447561486
132929989
930509930
513569419
594985912
164901363
154309541
80166787
561167117
928169805
497188544
480319787
362238495
535669458
467210544
270473794
893316558
253215871
772508696
407560445
353219987
472539895
307779251
154454750
81183250
568282358
977976492
845717704
920023900
440167265
81170841
568195495
977368451
841579066
891053427
237373954
661617678
631323725
419265655
934859578
544016955
808118664
656830620
597814319
902224571
315571962
209003727
463026089
241180208
688261057
817827378
724791562
73540899
514786300
603504086
224528581
977778941
844452552
911167780
378174418
647220919
559855779
918990439
432933038
30531252
213718372
496028604
472200158
305401085
137807588
964653123
752571826
268002355
876016485
132115304
700915489
906408402
344858779
414011047
898077322
286423570
4964983
34754489
243281430
702969954
920789650
445527515
118692591
830848144
815936581
711556039
980892196
866245330
63717275
446020932
839670869
877696055
143872350
7106450
49742756
133955597
937689186
563824267
946769855
627388551
391703022
741921147
193448001
354136007
478949641
352645072
468515098
279605672
957239648
700677494
904742437
333197024
332379161
326653721
286576040
6032217
818333880
728337132
98359896
688519279
819632531
737425288
161974188
133819316
936735219
557146498
900022672
300158669
101110676
707774340
954420359
680942478
766597325
366180848
563265929
942743840
599206845
194445094
361115658
527809599
694667179
862667831
38672381
270704273
894929512
264506549
851545787
959996931
719978482
39849346
278945429
952615602
668306778
678145024
