5
30
155
625
3130
15655
78280
391250
1956255
9781280
48906405
244531875
222659373
113296863
566484320
832421436
162107157
810535790
52678927
263394485
316972423
584862113
924310556
621552602
790790578
953952874
769764347
848821719
244108417
220542083
102710413
513552070
567760186
838800921
194004582
970022915
605582677
27913214
139566075
697830380
489151884
445759256
228796271
143981353
719906770
599533679
997668386
988341907
941709512
708547382
542736894
713684461
568422289
842111281
210556382
52781908
339598996
697994978
489974874
449874361
249371171
246855698
234278488
171392438
856962195
284810797
424053983
120269906
601349535
6747504
33737525
168687630
843438155
217190597
85952983
429764920
148824591
744122805
720614009
603070029
15350129
76750495
592961909
964809536
824047657
120238107
810399969
51999822
259999115
299995418
709186517
545932569
729662836
648314009
133807035
669035180
345175884
725879418
629396919
146984579
734922900
674614484
373072249
865361243
326806192
634030958
925622906
628113882
140568769
702843225
514215954
571079761
855398796
276993957
384969628
924848138
624240667
121203319
361484725
807422998
37114342
185571560
927857805
639289002
196444994
982224820
911124077
555620362
729195396
645976964
229884804
149424018
747119470
735597179
677985879
389929379
949646893
748234287
741171419
705857079
529285379
646426731
232133639
160668193
803340970
16704672
83523365
417616830
88084141
440420555
202102766
10513828
52569145
262845575
523437302
617186501
85932489
429662295
357520895
787604473
938022349
690111567
659767248
298836224
494181118
470905426
563736550
818682741
93413682
845515665
227578302
137891508
689457545
447287554
236434631
182173153
910865770
554328827
771643971
858219839
291099172
455495858
277479126
387395628
927196858
635984267
179921319
899606600
498032352
490161126
450804996
254024346
270121573
350607863
753039313
765196549
825982574
129912847
649564240
247821184
994574050
972870072
864350337
321751662
608680028
43400124
217000625
85003123
425014995
125074811
625374060
126870284
634351425
171756954
858784775
293923852
469619258
103564406
517821880
589109391
945546946
727734707
638673364
191410549
957052750
785263727
926318619
631592447
157962064
789810325
949051609
745258022
726289939
631449679
157248379
737335495
686677459
433387279
166936386
834681780
173408877
867044390
335221927
676109478
380547374
902736868
513684317
568421421
842107096
210535457
52677283
263386265
316931323
584656613
923283056
616415102
82075494
410377475
51887366
259436680
506392827
531964126
659820621
299102934
704724097
523620469
618102336
90511509
661766979
308834879
544174393
720871801
813568418
67842067
339210340
696051543
689467128
447335624
236678111
183390398
126161417
45944977
229724890
148624448
743122090
715610434
578052154
890260761
451303627
256514996
282574978
412874888
64374431
321871535
609357518
46787574
233937875
169689373
848446715
242233552
211167758
6932383
34661920
173309605
866548030
332739972
663699858
318499274
592496368
962481676
812408357
62041762
261302410
306512043
532560208
662801031
314005139
570025693
850127831
250638977
253194883
265974413
329872063
649360158
246800774
234003868
170019338
850096540
250482677
252413383
262066913
310334408
551672038
758360181
791800889
959004274
795021347
975106719
875533572
377667682
97547830
487739155
438695766
193478666
176602757
883013790
415068927
75344471
268959366
344796828
723984138
619920674
99602729
498013495
490067466
450337321
251608316
258041578
290207888
451039438
255196556
275982623
379913113
899565563
497827792
488747701
443738341
218691696
93458478
467214115
336070566
680352828
401764124
8820456
44102285
220511430
102557148
512785590
563927941
819639696
98198457
246460415
232301448
161506613
807532445
37661577
188307265
941535705
707678347
538391719
691958586
459792914
298964406
494822028
474110131
370550646
852753073
263765342
318826708
594133538
970667526
853337607
266688012
333440058
667200133
336000649
680003243
400016199
80831
209613589
48067943
240339720
201698443
217701642
88508208
442541045
212705061
272734732
363673658
818368288
91841262
142233892
757216598
786082974
930414854
652074247
260371064
301855318
509276588
546382931
731914491
659572439
297862179
489310893
446554301
232771496
163857478
819287395
96436797
320076833
600384163
1920799
9604000
48019380
240096125
200480623
2403113
12015570
60077230
300386000
501926868
509634331
548171646
740858221
704290464
521452149
607260736
36303664
181518325
907591475
537957352
689786751
448933739
244668531
223342653
116713263
583566320
917831436
589157157
945785776
728928857
644644114
223220554
116102768
580513845
902569061
722054711
25411426
127057135
635285650
176428234
882141175
410705852
53529096
267645485
338227423
691137113
455685394
278426961
392134803
960674013
803369887
16849412
970950209
854751022
273755057
368775283
843876413
219382042
96910053
