5
30
155
780
3905
19530
97655
488280
2441405
12207030
61035155
305175780
525878898
629394481
146972389
734861950
674309734
697238927
486194619
430973086
154865421
774327110
871635534
358177647
790888233
954441149
772205722
861028594
305142947
525714733
628573656
142868264
714341325
571706609
858533036
595426237
279892249
702222323
813872679
372124452
163383331
119677733
901149750
808509807
345310092
29311531
449318740
549354771
49534919
573364873
866824356
334121757
670608783
353043899
765219493
826097449
130487222
652436115
262180559
310902793
554513963
772569806
862849014
314245047
571225233
856126156
280630757
705914863
832335379
464437952
624950831
427515219
440337166
504446901
824995576
619229137
96145669
480728320
403641591
18207946
91039580
455197905
275989516
379947578
899737108
498685517
493427576
467137871
335689346
678446728
392233624
961168118
805840567
29202812
146014065
730070330
650351634
251758154
629396294
146981454
734907275
674536359
372681779
863408893
317044442
585222208
926111031
630555132
152775644
763878225
819391109
96955522
484777615
423888066
119440321
597201610
288769114
746606648
35794297
481732570
711423921
859880669
625093595
125467959
627339800
981833570
909167827
545839112
729195551
645977739
229888679
149443393
747216970
736084834
680424154
402120754
10603761
53018810
265094055
325470273
627351363
136756799
683784000
744610257
723051269
615256329
76281629
381408150
907040748
535203717
676018576
380092864
128258596
641292980
206464884
32324418
161622095
808110480
40552377
202761890
13809448
68558965
342794830
713974148
569870724
849353611
246764127
233820628
169103138
845515695
227578452
137892258
689461295
447306459
236532286
182661428
913307145
566535702
832678501
163392482
816962415
84812052
424060265
120301316
601506585
310293989
854231023
596845365
984226816
921134057
605670262
28351294
141756475
708782380
543911884
719559411
597797039
127956592
639782965
198914809
994574050
972870227
864351112
321755537
608777683
43888399
219442000
97209998
486049995
430249966
151249821
756249110
781245534
906227654
531138247
284142572
420712858
103564281
517821255
589106266
945531321
727656582
638282894
191414454
957072275
785361352
926806744
634033697
170168469
850842350
254211727
745179742
725898694
629493454
147467254
737336275
686681359
433406779
167033886
834681155
173405752
867028765
335143802
675718228
378591124
892955618
464778067
323890326
619451628
97258124
486290625
431453116
157265571
786327860
931639284
658196397
290981969
454909843
274549206
372746028
189420404
947102025
735510102
677550494
387752454
938762268
693811317
469056569
345282836
726414178
632070874
99319199
496596000
482979961
414899796
74498971
372494705
862473523
312367592
561837958
809189781
45948882
229724885
148624423
743122120
715610584
578052904
890264511
451322532
256612651
283063253
415316263
76581306
382906535
914532673
572663342
863316701
169611093
848055470
240277327
201386633
6933163
34665820
173329105
866645530
333227627
666138133
330690649
653453243
267266199
336330993
681654963
261302410
306512048
532560238
662801181
314005889
570029443
850127676
250638352
253191758
265958788
329793938
648968908
244844519
224222593
121112963
605564820
27824084
139120425
695602130
478010634
390053161
950265803
751328992
756644944
783224704
916123504
580617497
903087476
780575414
902877054
514385247
571926226
859631121
298155582
490777908
453889531
269447646
347238228
736191138
680955674
404778354
23891761
119458810
597294055
986470266
932351307
964517592
125349010
929506135
950291732
54219710
573859635
172059239
163057273
118047443
218688566
93442828
467214145
336070716
680353578
401767874
8839361
44196810
220984055
102478868
512394340
561971686
809858421
49292052
246460265
232301323
161506613
807533070
37665327
188326640
941633205
708166002
538388589
691942936
459714664
298573311
492866553
464332756
321663771
608318853
41594249
207971250
39856248
199281245
996406230
982031127
910155612
550778037
753890176
769450864
150015377
52837963
566950900
137515564
13268091
66340460
331702305
658511523
292557599
462787993
313939956
569699778
848498881
242494382
212471908
62359538
311797695
558988473
794942356
974711764
873558797
367793962
141730881
11415483
359838500
101953571
812528940
365405757
129789856
951710365
61312875
609325460
349388364
49702891
551275540
59138764
722328959
914405859
874790352
676712817
709254342
546271694
731358461
656792289
283961429
419807143
99035706
495178535
475892666
379463321
897316603
486582992
907200225
536001102
680005501
400027489
137436
687185
3435930
17179655
85898280
427050000
135249991
676249960
381249784
906248918
531244567
656222826
281114114
405570568
27852831
127057130
635285655
176428259
882141145
410705702
53528501
267642510
338212548
691062738
455313674
276568361
382841803
911767608
558838017
794190076
970950364
854751017
273755062
368775308
843876538
219382667
96913333
